65.63
62.85
61.78
5.49
1.08
5.03
66.84
76.19
62.43
67.41
75.94
3.44
68.12
62.95
4.7
60.66
72.26
60.57
24.81
78.79
76.41
74.3
62.09
61.39
60.17
61.23
78.74
60.41
77.55
75.16
65.42
0.01
17.07
73.33
19.84
68.52
60.22
64.73
65.69
62.95
64.97
0.22
68.13
64.88
89.08
67.06
60.19
81.75
71.05
83.4
68.21
63.32
66.12
62.04
63.92
79.55
78.89
6.75
75.72
63.28
65.01
69.6
62.34
68.57
9.87
72.9
68.3
73.97
64.15
65.91
82.73
69.03
63.1
62.71
70.22
61.63
69.28
65.42
65.88
4.22
67.06
74.57
5.38
77.54
61.14
67.53
75.13
72.08
1.05
64.46
67.93
69.38
79.06
61.81
74.79
78.19
69.77
73.39
65.19
73.43
